Structure [idcode]	Structure No	Total Molweight	Molweight	Monoisotopic Mass	cLogP	cLogS	H-Acceptors	H-Donors	Total Surface Area	Relative PSA	Polar Surface Area	Druglikeness	LE from Structure No	LLE from Structure No	LELP from Structure No	Mutagenic	Tumorigenic	Reproductive Effective	Irritant	Nasty Functions	Shape Index	Molecular Flexibility	Molecular Complexity	Fragments	Non-H Atoms	Non-C/H Atoms	Metal-Atoms	Electronegative Atoms	Stereo Centers	Rotatable Bonds	Rings Closures	Small Rings	Aromatic Rings	Aromatic Atoms	sp3-Atoms	Symmetric atoms	Amides	Amines	Alkyl-Amines	Aromatic Amines	Aromatic Nitrogens	Basic Nitrogens	Acidic Oxygens	Stereo Configuration	
fmoib@AJcdo@sAHYEEDhcDdeieDddrUgUZM\DCEURuMSEP@@	1	371.371	371.371	371.139368	-0.2884	-3.392	8	3	265.49	0.33357	102.9	4.3036	0.45729	9.2884	-0.63067	none	none	none	none		0.51852	0.41858	0.88694	1	27	9	0	9	0	3	4	4	1	6	6	0	0	0	0	0	0	0	0		
fbmqB@DJLdD`drnkKJkQeoQs@ATtuSE@@@	2	273.310	273.310	273.127740	2.534	-3.698	4	1	209.03	0.22475	54.35	-2.0193	0.5967	6.165	4.2467	none	none	none	low		0.6	0.44182	0.79764	1	20	5	0	5	0	3	3	3	1	6	6	0	0	0	0	0	1	0	0		
fewqB@GQJLD`dsJvzrljzs`iIkv\AAUTuMULU@@@	3	355.455	355.455	355.205990	3.6935	-4.924	4	2	271.57	0.18883	67.48	-2.3085	0.44971	4.8294	8.2131	none	none	none	low		0.57692	0.42337	0.86015	1	26	5	0	5	2	6	4	4	1	6	12	0	0	1	1	0	0	1	0	unknown chirality	
ebQZLH@ADlfnnKG`ICHhheDXeDleLeDddehTqIDdLl]|ccA@qTuTuSUSUQU@@@	4	495.597	495.597	495.264568	3.0807	-4.347	8	2	373.41	0.21598	94.11	3.8135	0.32003	5.3172	9.6264	none	none	none	none		0.52778	0.46395	0.90142	1	36	9	0	9	0	6	5	5	1	6	16	2	1	1	1	0	0	1	0		
fcp`@DDjCNQQJIIKZIJZFQIZgIZBe^vifj`BFjjjH@@	5	379.502	379.502	379.225977	2.9739	-4.936	5	2	297.34	0.2035	70.56	1.1201	0.40671	5.3271	7.312	none	none	none	low		0.5	0.48469	0.86458	1	28	5	0	5	0	5	4	4	1	6	13	2	0	1	1	0	0	1	0		
fcH`@DDjLF\bbTRRVtRTtJbRuNRtEHymSMU@DMUUTP@@	6	380.490	380.490	380.221226	2.4103	-3.589	6	1	296.07	0.18965	65.01	3.559	0.40284	5.8115	5.9833	none	none	none	low		0.57143	0.43615	0.8444	1	28	6	0	6	0	6	4	4	1	6	13	0	0	0	0	0	0	2	0		
egh\DH@IBfmC`ICHhhdbeMDeBheDddqpEEuMm]@PUL@EMMTpT@@@	7	405.472	405.472	405.185255	4.0161	-5.138	5	2	313	0.19332	70.56	-1.0746	0.37292	4.1388	10.769	none	none	none	low		0.56667	0.46011	0.8512	1	30	6	0	6	0	6	4	4	2	12	7	0	1	0	0	0	0	0	0		
fbmQB@EFRBHrJIJEJIQIITY[t\p@UMMTqP@@	8	288.777	288.777	288.102940	3.6887	-4.39	3	1	219.34	0.16417	41.46	-0.64512	0.5554	4.4082	6.6415	none	none	none	low		0.55	0.44182	0.79871	1	20	4	0	4	0	3	3	3	1	6	6	0	0	0	0	0	0	0	0		
eghRDH@BGDfkC`ICHhheEdeMhhdeBddqHUUuMm]AAQTuSUMTqT@@@	9	412.507	412.507	412.227454	3.173	-4.125	6	1	316.18	0.17759	65.01	2.7132	0.36793	4.8728	8.624	none	none	none	low		0.5	0.48825	0.86758	1	30	7	0	7	0	6	4	4	1	6	13	2	1	1	0	1	0	0	0		
fakH`@DDbtF\bbTRRVtRTLrUNRtFKTsUP@SUT@@@	10	326.399	326.399	326.174276	1.034	-3.052	6	2	257.91	0.27715	83.45	0.65613	0.45729	6.966	2.2611	none	none	none	low		0.58333	0.46703	0.82405	1	24	6	0	6	0	6	3	3	1	6	9	0	0	1	1	0	1	1	0		
fhyQA@HFt@HCHYIEDeDie]prcN}UUALATPAP@	11	254.328	254.328	254.088911	0.5813	-3.716	3	0	166.51	0.12095	23.55	2.5345	0.64225	7.3773	0.9051	none	none	none	none		0.58824	0.39109	0.71194	1	17	5	0	5	1	1	3	4	1	6	6	2	1	0	0	0	0	0	0	racemate	
fcHb@AAbWbpRFQQQJHqIIZIJYIIdgAkv^xHFJjijZibh@@	12	384.454	384.454	384.196154	2.5128	-2.91	6	1	288.66	0.19452	65.01	4.3964	0.38809	5.408	6.4749	none	none	none	low		0.53571	0.44315	0.86791	1	28	7	0	7	0	3	4	4	1	6	11	2	1	1	1	0	0	1	0		
fakQ@@DNAdTrbfRbJbRbVYqIV}Zfjjjejih@@	13	326.482	326.482	326.235813	3.6623	-3.718	3	1	267.48	0.11911	46.33	-2.0871	0.45078	4.2238	8.1244	none	none	none	none		0.54167	0.51923	0.75619	1	24	3	0	3	0	7	3	3	0	0	13	5	1	0	0	0	0	1	0		
edVVLH@A@hbjanNg`ICHhheDXddmDeEDehedqHxDuMm|CCA@qUUMTmUSTUP@@	14	468.531	468.531	468.228517	2.2853	-3.254	9	2	343.69	0.24499	97.35	8.0591	0.3169	5.5686	7.2114	none	none	none	none		0.52941	0.4834	0.8878	1	34	10	0	10	0	3	5	5	1	6	12	4	3	0	0	0	0	0	0		
ek`ZLH@A@hbjnNm`ICHhheDXddmDeDdlfIG@faechHFJjijejXj@@@	15	399.425	399.425	399.170668	1.128	-2.92	8	2	293.64	0.27466	94.11	6.8019	0.37012	6.6959	3.0477	none	none	none	none		0.55172	0.46016	0.87051	1	29	9	0	9	0	3	4	4	1	6	8	2	2	0	0	0	0	0	0		
fewp`@DDbBZSKJk|k]k]NRtEK^mSMU@DUUMEBi@@	16	351.449	351.449	351.194677	3.0222	-4.188	5	1	270.75	0.19428	61.77	2.09	0.41135	4.7737	7.3471	none	none	none	low		0.53846	0.40267	0.83644	1	26	5	0	5	1	3	4	4	1	6	10	0	0	1	0	1	0	0	0	racemate	
ek`\L@@DBB`LmlbbTRRVtRTtJbRrhxdtBRfVZfZj@HZ@Bj@@@	17	389.454	389.454	389.173942	3.7058	-4.914	6	2	301.39	0.23395	79.79	-0.23113	0.36755	4.0638	10.082	none	none	none	low		0.58621	0.42383	0.83928	1	29	6	0	6	0	5	4	4	2	12	7	2	1	0	0	0	0	0	0		
eghVHH@BKGLfnc`IAIfV]UVV}mUXdBRFfvn``hjjjZijXj@@@	18	414.527	414.527	414.254337	0.9296	-2.947	7	3	321.35	0.20548	72	6.2708	0.35416	6.8151	2.6248	none	none	none	none		0.5	0.44554	0.85875	1	30	8	0	8	0	4	4	3	1	6	15	0	0	3	2	1	0	2	0		
eodZL@@DBBic`LmlbbTRRVtRTtLRVTthxdtBRFfZfZj@HZjijh`@@	19	423.515	423.515	423.227040	2.4642	-2.695	8	1	322.62	0.22547	85.32	3.2748	0.3417	5.257	7.2116	none	none	none	low		0.54839	0.51048	0.85304	1	31	8	0	8	0	3	4	4	1	6	11	3	3	0	0	0	0	0	0		
fewq@@DDRAIeeU}e[nvgIZcd\vifjh@bjjb@@	20	351.492	351.492	351.231062	4.1928	-4.994	4	1	280.52	0.14102	44.7	0.94	0.40623	3.5062	10.321	none	none	none	low		0.53846	0.46999	0.82315	1	26	4	0	4	0	5	4	4	1	6	12	2	0	1	0	1	0	0	0		
fluI@@DDyhFQQJZIJXrIRLkTTmPPLUUE@@@	21	258.324	258.324	258.148061	1.0387	-3.263	5	3	198.13	0.3267	83.8	-7.1123	0.55437	6.6391	1.8737	none	high	none	none	hydrazine	0.52632	0.36471	0.81719	1	19	5	0	5	0	2	3	3	2	9	7	2	0	0	0	0	2	1	0		
fluqB@BRuDFIdTTRQbTRRSNF\ELAAMMTqP@@	22	320.189	320.189	319.032023	2.4066	-3.447	4	1	207.55	0.22636	54.35	-2.4693	0.55291	5.251	4.3526	none	none	none	low		0.52632	0.37278	0.82043	1	19	5	0	5	0	2	3	3	1	6	5	0	0	0	0	0	1	0	0		
fmohb@AVcdoI`dLbbbTQbRRtrbRRYJsjmFnBAbjjZfibh@@	23	371.415	371.415	371.175753	1.5747	-2.998	7	2	272.6	0.24802	77.04	6.4238	0.3881	6.0636	4.0574	none	none	none	none		0.51852	0.43382	0.87805	1	27	8	0	8	0	3	4	4	1	6	9	0	1	0	0	0	0	1	0		
fj}QB@EF\BPrJJIIJGJZIHTiZrVejUjZjj`@@	24	286.349	286.349	286.148141	3.2235	-4.214	3	1	227.22	0.15848	41.46	-1.9527	0.49778	4.3963	6.4757	none	none	none	none	acyl-hydrazone	0.57143	0.25999	0.76251	1	21	4	0	4	0	2	3	3	0	0	7	2	0	0	0	0	0	0	0		
ehZVDH@A@hbn`^G`ICHhheDXddmDeEDddefIG@jimok`XHFJjijXJ`XJ`@@	25	448.501	448.501	448.202302	2.7962	-4.276	8	1	333.68	0.23403	90.79	3.027	0.31603	4.8059	8.8478	none	none	none	low		0.54545	0.43669	0.89063	1	33	9	0	9	0	4	5	5	2	12	9	2	1	0	0	0	2	0	0		
figp`@DDJCNQQJIIKZIJZFITyKPT}FuLuT@PuUQ@@@	26	337.422	337.422	337.179027	3.1246	-3.713	5	1	259.75	0.2025	61.77	2.7659	0.41623	4.4604	7.5069	none	none	none	low		0.52	0.43739	0.83438	1	25	5	0	5	0	3	4	4	1	6	9	2	1	0	0	0	0	0	0		
ebQZLD@A@hbjnNg`IAFPrJJIQFIIKQIQQIZIYFLRNAMS[_PxpPLUUSUKU@pPU@@@	27	493.513	493.513	493.192546	3.0434	-4.235	8	2	357.96	0.2253	94.11	7.6565	0.28842	4.5252	10.552	none	none	none	none		0.52778	0.47667	0.89559	1	36	10	0	10	0	4	5	5	2	12	8	2	2	0	0	0	0	0	0		
el^RLH@A@hbnNg`ICHhheDXddmDeEDehedVIG@jimohTXHFJjijYj`X@j@@@	28	474.534	474.534	474.206719	4.0133	-4.362	7	1	353.91	0.1955	82.08	3.027	0.29605	3.5395	13.556	none	none	none	low		0.54286	0.47065	0.88837	1	35	8	0	8	0	4	5	5	2	12	9	4	2	0	0	0	0	0	0		
egh\L@@DBH`BcdfVUWyV~vUvcbSPII[YjYjh@bZ@Bj@@@	29	403.481	403.481	403.189592	3.7039	-4.879	6	2	315.15	0.22373	79.79	-0.031693	0.34469	3.8337	10.746	none	none	none	low		0.6	0.4573	0.83313	1	30	6	0	6	0	6	4	4	2	12	8	2	1	0	0	0	0	0	0		
fewp`@DDzCNQQJIIKZIJZFJZgIZBd\vifj`BFijb`T`@	30	349.433	349.433	349.179027	2.6303	-4.592	5	1	269.66	0.22458	70.89	0.49015	0.39694	4.8926	6.6264	none	none	none	low		0.53846	0.4434	0.85157	1	26	5	0	5	1	5	4	4	1	6	9	0	0	0	0	0	0	1	0	racemate	
fj}q@@DDbAIeeU~UoirV`iZfZj@Hj`@@	31	283.374	283.374	283.168462	2.6816	-3.744	4	2	227.64	0.20853	53.49	-0.28717	0.49052	4.827	5.4668	none	none	none	low		0.57143	0.4274	0.80497	1	21	4	0	4	0	4	3	3	1	6	7	0	0	1	0	1	0	0	0		
el^\LH@DjfeGdPICHhheEhedlhdhddhedVIGONimohTXHIFjZZijjZhj`@@	32	477.578	477.578	477.242770	3.9179	-5.315	6	2	366.96	0.19215	79.79	-0.10086	0.29377	3.5769	13.337	none	none	none	none		0.54286	0.44008	0.90876	1	35	7	0	7	0	6	5	5	1	6	14	2	0	0	0	0	0	0	0		
edVVLH@AEHdnanO`PICHhheDXdddheDhedldqHtmL\ml}CA@qUUSUTuTlUTBu@@	33	468.531	468.531	468.228517	0.5425	-3.301	9	3	343.59	0.26808	106.14	6.063	0.30187	6.939	1.7971	none	none	none	none		0.5	0.44091	0.90526	1	34	10	0	10	1	3	5	4	1	6	14	0	0	1	1	0	0	1	0	racemate	
fmoHb@EQrWdpRFQQQJHqIIZYQIILdxMVcWA@puUMSTqT@@	34	368.411	368.411	368.164854	1.6717	-4.575	6	2	276.47	0.2605	82.92	1.9965	0.37948	5.7968	4.4053	none	none	none	none		0.51852	0.41198	0.88256	1	27	7	0	7	0	4	4	4	1	6	8	0	0	0	0	0	0	0	0		
ffcIB@BF]xhICHhheETheDddrPXykAAQSTuLT@@	35	302.352	302.352	302.154289	1.5548	-3.293	5	2	229.03	0.22277	56.73	3.7192	0.46494	5.9011	3.3441	none	none	none	none		0.5	0.42176	0.83354	1	22	6	0	6	0	3	3	3	1	6	7	1	0	1	0	1	0	0	0		
ebQZLH@A@hbjnNk`ICHhheDXddmDeEDedmBdqHxDuMl|ccA@qUUMTmUL@AT@@@	36	489.549	489.549	489.217618	2.9407	-3.886	8	2	365.37	0.22074	94.11	7.7039	0.28366	4.503	10.367	none	none	none	none		0.55556	0.48987	0.88637	1	36	9	0	9	0	5	5	5	2	12	9	4	2	0	0	0	0	0	0		
figpb@B^bkhICHhheEheUDhddfRtYIVc``hZiijfJ`@@	37	341.385	341.385	341.153955	2.6539	-4.402	5	1	252.34	0.20845	61.77	0.67371	0.40782	4.7779	6.5075	none	none	none	low		0.48	0.38488	0.86592	1	25	6	0	6	0	3	4	4	1	6	8	0	1	0	0	0	0	0	0		
fcpb@AIKqXLSHhheD]DeBheDddrSoU{O\DCD@EMMTpT@@	38	438.324	438.324	437.073888	4.501	-5.73	5	2	297.76	0.20322	70.56	-2.0081	0.36356	2.9192	12.38	none	none	none	low		0.53571	0.40804	0.85664	1	28	6	0	6	0	4	4	4	2	12	5	0	1	0	0	0	0	0	0		
fnshb@DBmxOJ`dLbbbTRjTRbRRdjJRmijYZZfij`@@	39	317.323	317.323	317.128803	0.8875	-4.589	7	3	233.44	0.33983	99.82	4.4906	0.44192	6.5214	2.0083	none	none	none	none		0.52174	0.51217	0.84087	1	23	8	0	8	0	2	3	3	0	0	4	0	2	0	0	0	0	0	0		
fdeI@@DLTDFQSQQISFQHViJCEhHFJjbhFh@@	40	244.297	244.297	244.132411	0.4953	-1.961	5	3	184.37	0.35109	83.8	2.7776	0.56384	6.9026	0.87844	none	none	none	none		0.5	0.35722	0.83354	1	18	5	0	5	1	2	3	3	2	9	6	0	1	1	1	0	2	2	0	racemate	
fdeq@@DDhAIeeU{yYrV`qZiZjjjjBj@@	41	247.341	247.341	247.168462	1.9029	-3.294	4	2	193.14	0.24578	53.49	4.8628	0.56302	5.4843	3.3798	none	none	none	none		0.55556	0.43581	0.79548	1	18	4	0	4	1	3	3	3	0	0	10	1	0	0	0	0	0	0	0	racemate	
fa{i@@DDEFhDfVUWyVyVgIZBeoVifj`BJjh`@@	42	325.415	325.415	325.190260	1.3713	-3.741	6	3	248.22	0.26706	82.75	6.1884	0.42167	6.0055	3.2521	high	low	none	none		0.5	0.38688	0.83479	1	24	6	0	6	0	3	4	4	1	6	9	2	0	2	0	2	0	0	0		
egh\LH@AHjnCC`ICHhheDThmEDdhledqIdTuMm]A@qSUMTuTqT@@@	43	411.475	411.475	411.195820	3.496	-5.201	6	2	308.51	0.2384	87.63	-0.68762	0.33687	3.8705	10.378	none	none	none	low		0.53333	0.37614	0.8737	1	30	7	0	7	2	4	4	4	1	6	11	0	1	0	0	0	0	0	0	unknown chirality	
e`RRLH@A@hbnNg`ICHhheDXddmDeEDdddqHxEUMm|]]A@qUUMSSUSER@@@	44	436.486	436.486	436.191069	3.4941	-4.938	7	1	325.85	0.21562	78.15	2.6733	0.31538	3.8624	11.079	low	none	none	low		0.53125	0.4389	0.88752	1	32	8	0	8	0	4	5	5	2	11	9	2	1	0	0	0	0	0	0		
ek`\DD@ALjeM`I@bPrJJKKJZIJEQJIIIccpIhYXzB@i`@iijfB`@@	45	395.408	395.408	395.144533	3.9774	-5.524	5	2	291.83	0.20735	70.56	-1.5581	0.34755	3.3694	11.444	none	none	none	low		0.55172	0.41561	0.86255	1	29	7	0	7	0	4	4	4	2	12	5	0	1	0	0	0	0	0	0		
fcHa@LQSmBpQCiCHihdlhdhUDdeDipUoYJN\uUPADuA@t@@@	46	400.840	400.840	400.110231	3.92	-5.871	6	2	286.08	0.2442	92.08	-1.4942	0.35949	3.4172	10.904	high	low	none	low	acyl-halogenide type	0.57143	0.37587	0.87019	1	28	8	0	8	0	3	4	4	3	15	5	2	2	0	0	0	2	1	0		
fdeq@@DLTCHihhdicDdKTeAbtDCD@A@@@	47	237.261	237.261	237.090212	1.9895	-4.061	4	2	182.22	0.29234	71.77	0.5625	0.5585	5.3384	3.5622	none	none	none	none		0.55556	0.31671	0.80188	1	18	4	0	4	0	2	3	3	3	15	0	2	1	0	0	0	2	1	0		
fcHb@GIKWbpRFQQQJHrIKKSJIIIdoQ[v^xHFJjjZfibj@j@@	48	384.454	384.454	384.196154	1.8977	-4.419	6	3	287.63	0.25022	82.59	3.8974	0.35859	5.4211	5.2921	none	none	none	none		0.5	0.46289	0.89091	1	28	7	0	7	1	4	4	4	1	6	11	0	0	1	1	0	0	1	0	racemate	
fa{I@@DLUdFQSQQISFIKJIHViJCEoV``X`@jjHhIH@@	49	320.395	320.395	320.163711	2.5906	-4.664	5	3	247.72	0.2613	83.8	-0.10625	0.41784	4.7192	6.2	none	none	none	none		0.58333	0.37031	0.84087	1	24	5	0	5	1	3	4	4	3	15	6	2	1	1	1	0	2	2	0	racemate	
fmoh`@DDbvXBiLljorm}r}NRtEHymSMU@DSRuQ@@@	50	363.420	363.420	363.169525	2.1228	-3.398	7	2	279.35	0.28047	88.38	1.8897	0.37097	5.1782	5.7223	none	none	none	low		0.55556	0.40248	0.84127	1	27	7	0	7	0	4	4	4	2	11	6	0	1	0	0	0	2	1	0		
eolZDH@A@hbjnK`ICHhheDXddmDeEDdlfIG@fiacmghHFJjijfjibj@@@	51	425.506	425.506	425.222703	2.3138	-3.503	7	2	314.38	0.21506	77.04	7.7718	0.32272	4.9786	7.1697	none	none	none	none		0.54839	0.4373	0.8762	1	31	8	0	8	0	4	5	5	1	6	13	3	1	1	1	0	0	1	0		
fdei@@DLTZpLbfbbRfLTPmRUzKPPLUUE@@@	52	245.285	245.285	245.127660	-0.1971	-1.598	6	2	183.1	0.32971	78.25	4.8269	0.55515	7.4811	-0.35504	none	none	low	none		0.5	0.29423	0.83726	1	18	6	0	6	0	2	3	3	2	9	5	0	1	0	0	0	2	1	0		
fchb@AAbVoE`dLbbbTQbRRtRTrRSINBwl}pPLUUSUMSEP@@	53	385.442	385.442	385.191403	1.4421	-2.469	7	2	286.36	0.2361	77.04	8.9962	0.35648	5.8336	4.0454	none	none	none	none		0.53571	0.44325	0.86791	1	28	8	0	8	0	3	4	4	1	6	10	2	1	1	1	0	0	1	0		
el^QLH@A@hbjckd^Ng`ICHhheDXddmDeEDehedVIG@fimohTXHFJjijej`X@j@@@	54	478.487	478.487	478.187715	1.1452	-2.578	11	2	347.89	0.32642	132.78	7.6565	0.28487	6.1224	4.0201	none	none	none	high		0.54286	0.47073	0.88837	1	35	12	0	12	0	4	5	5	2	12	8	4	2	0	0	0	3	0	0		
ek`ZDH@AKDjfnM`ICHhheDXddiididdfIG@naechHFJjjZijXj@@@	55	399.468	399.468	399.207053	2.323	-3.568	7	2	300.12	0.22528	77.04	6.4254	0.34343	4.9366	6.7642	none	high	none	none		0.51724	0.45871	0.88404	1	29	8	0	8	0	4	4	4	1	6	11	0	1	0	0	0	0	1	0		
fcpb@BIKIXHcHhhdmCDeBheDddpSoU{O\DDL@EMMTpT@@	56	393.873	393.873	393.124404	4.3818	-5.632	5	2	294.55	0.20543	70.56	-0.18272	0.35531	2.87	12.332	none	none	none	low		0.53571	0.41431	0.85699	1	28	6	0	6	0	4	4	4	2	12	5	0	1	0	0	0	0	0	0		
e`\RD@@DBHe`BdfVUWyV~ueUzNIM@dkgfifj`BIjZVja@HzegYQP	57	428.534	428.534	428.221226	4.3913	-5.242	6	2	346.33	0.20795	82.92	0.30625	0.31056	2.8528	14.14	none	none	none	low		0.59375	0.42959	0.84284	1	32	6	0	6	0	6	4	3	1	6	8	0	1	0	0	0	0	1	0		
el^RDD@A@djnO`IBFPrJJIQFIIIJKJJIIIKQbPJIiXxEyFBAbjjfi`jAhJ`@@	58	478.541	478.541	478.218032	4.4508	-5.339	6	1	356.27	0.15761	65.01	0.94791	0.28365	2.7858	15.691	none	none	none	low		0.51429	0.44161	0.89827	1	35	8	0	8	0	4	5	5	2	12	10	0	1	1	0	1	0	0	0		
fnsqb@K^CpUPRFQQQJHkJIQIILeEIVpPLUMSTqP@@	59	317.319	317.319	317.117570	1.5714	-3.398	6	2	234.22	0.30104	79.79	0.63558	0.4312	5.6577	3.6443	none	none	none	none		0.52174	0.43247	0.84822	1	23	7	0	7	0	4	3	3	1	6	6	0	0	0	0	0	0	0	0		
ehRRL@@DBBk`LolbbTRRVtRTtJRTRTJhxdtBRN^ZfZj@HZj@Hj`@@@	60	446.549	446.549	446.231791	3.6224	-5.188	7	3	351.19	0.24426	105.81	-0.99317	0.30023	3.5994	12.066	high	high	none	high		0.60606	0.49599	0.84822	1	33	7	0	7	0	8	4	4	2	12	10	0	1	1	0	1	0	0	0		
fcQ`@DQ@DZSKJjl|n}styhvZkvuSUKLtrD@t@qYReP	61	370.407	370.407	370.131743	3.2097	-2.871	5	3	287.84	0.21574	78.43	4.1528	0.35349	4.005	9.0801	none	none	none	none		0.42857	0.29824	0.90627	1	28	5	0	5	0	2	4	3	1	6	2	0	2	0	0	0	0	0	0		
fa{IB@BNCEhICHhheEdbheDddrRmIsWlDEETuMSEP@@	62	328.390	328.390	328.169939	2.1494	-3.979	5	2	246.05	0.20736	56.73	4.8799	0.412	5.0582	5.217	none	none	none	none		0.5	0.38688	0.84897	1	24	6	0	6	0	3	4	4	1	6	9	2	0	1	0	1	0	0	0		
f`ipb@JLdSpIAIf[^UZ\TZsjfZfiZhPhaR@	63	221.191	221.191	221.060055	-0.1271	-1.769	5	1	149.02	0.35297	61.77	-0.68022	0.6174	7.3278	-0.20586	none	none	none	none		0.4375	0.16357	0.86118	1	16	6	0	6	1	0	3	2	0	0	3	0	1	0	0	0	0	0	0	racemate	
eod\L@@DBB`LglbbTRRVtRTtJRbbRhxdtBRNnZfZj@HZhBBh@@@	64	417.507	417.507	417.205242	3.318	-4.708	6	3	326.76	0.22527	90.79	0.19391	0.31836	3.8758	10.422	none	none	none	low		0.54839	0.47019	0.84479	1	31	6	0	6	0	7	4	4	2	12	9	0	1	0	0	0	0	0	0		
fluQB@IZbBPrJIJEQJIIJcCNBf@BffjXh@@	65	258.295	258.295	258.116841	2.7291	-3.698	3	1	196.51	0.18325	41.46	-2.0193	0.51894	4.458	5.259	none	none	none	low		0.52632	0.37278	0.81387	1	19	4	0	4	0	2	3	3	1	6	5	0	0	0	0	0	0	0	0		
figqB@B^ctD`dsKNk|ljkIZldkQpPTUTtuSEP@@	66	341.429	341.429	341.190340	3.5621	-4.69	4	1	262.11	0.15093	44.7	0.89235	0.39403	3.6184	9.0402	none	none	none	low		0.52	0.39559	0.85083	1	25	5	0	5	0	3	4	4	1	6	11	2	0	1	0	1	0	0	0		
egh\H@@DBH`DfVUWyV{VUVcbSPIKZyjYjh@bjBBJ@@@	67	401.552	401.552	401.246712	5.2579	-5.583	4	1	327.52	0.12079	44.7	-0.48156	0.32806	1.916	16.027	none	none	none	low		0.5	0.45896	0.83928	1	30	4	0	4	0	8	4	4	2	12	10	2	0	1	0	1	0	0	0		
el^RBH@EDfgnG@o`ICHhheDXddiiheDddllVIEMNmegk`XHFJifZijjfhjhAJ@@	68	480.538	480.538	480.217284	2.1055	-4.232	8	1	347.42	0.23093	98.92	3.0266	0.28094	5.062	7.4945	high	low	high	low	oxiran/aziridine	0.54286	0.45644	0.92418	1	35	9	0	9	1	6	5	5	1	6	14	2	1	1	1	0	0	1	0	racemate	
eghZL@@DBHnc`BfdfVUWyV~{e^cbSPIKXyjYjh@bYjjjH@@	69	409.488	409.488	409.211390	1.3543	-2.4	8	2	311.52	0.25889	94.11	4.6675	0.32747	5.8069	4.1356	none	none	none	high	limit! oxal-diamide	0.56667	0.39245	0.84166	1	30	8	0	8	0	4	4	4	1	6	11	2	2	1	1	0	0	1	0		
edV^DH@A@djfaknO`ICHhheDXdddhlhhdddlqHEEtl\B}CA@qUUSUHU@pU@@@	70	463.515	463.515	463.213201	1.8009	-3.863	9	2	345.14	0.25946	102.82	5.4325	0.2887	5.354	6.238	none	none	none	none		0.52941	0.438	0.90142	1	34	10	0	10	0	4	5	5	2	12	9	0	1	0	0	0	2	0	0		
edVZDD@A@hbjnG`I@FPrJJIQFIIKQIQQIIIZLRNAMS[_WPpPLUUSUHU@tEP@@@	71	465.503	465.503	465.197631	3.0381	-4.628	7	2	340.21	0.19873	77.04	7.6565	0.28845	4.1106	10.533	none	none	none	none		0.52941	0.44074	0.88837	1	34	9	0	9	0	4	5	5	2	12	8	2	1	1	0	1	0	0	0		
el^VLH@A@hbj`^Ng`ICHhheDXddmDeEDehedVIG@fimohTXHFJjijej`X@j@@@	72	476.510	476.510	476.197217	1.9417	-3.126	9	2	350.37	0.26149	107	7.6565	0.27997	5.201	6.9354	none	none	none	none		0.54286	0.47073	0.89639	1	35	10	0	10	0	4	5	5	2	12	8	2	2	0	0	0	1	0	0		
ffcq`@DD|CI\bbTRRVtTRTmNRuEKTsUPDCU@@@	73	299.329	299.329	299.126992	1.5944	-2.754	6	1	228.93	0.30586	80.65	-3.1067	0.44503	5.5423	3.5827	none	none	none	low		0.5	0.43464	0.84401	1	22	6	0	6	0	4	3	3	1	6	7	0	0	0	0	0	1	0	0		
e`RVLH@AIBnaibFg`ICHhhdhlddeDhhUBdepihXedmm]}MSMUAPLuMSHT@@@	74	434.430	434.430	434.150267	1.1941	-4.152	9	4	314.04	0.35263	134.49	3.2816	0.3057	5.9367	3.9061	none	none	none	none		0.5	0.41899	0.9294	1	32	10	0	10	0	4	5	5	2	9	5	0	1	0	0	0	2	1	0		
figHb@B^bfwPRBSLlzorrjlejvRmGAAQUSTuLU@@@	75	344.389	344.389	344.164854	1.3274	-3.36	6	2	256.05	0.23831	65.96	3.4361	0.39098	5.7975	3.395	none	none	none	none		0.52	0.39674	0.85083	1	25	7	0	7	0	3	4	4	1	6	10	2	0	1	0	1	0	0	0		
fdehB@LLxYp@cIEEiddheCb`iV]USTDETDHT@@	76	263.368	263.368	263.120465	0.3619	-1.017	5	2	199	0.34387	82.14	3.3258	0.54259	6.7573	0.66698	low	none	none	none		0.55556	0.32117	0.80497	1	18	6	0	6	1	3	3	3	2	9	9	0	0	1	0	1	3	2	0	racemate	
fewHb@AASg`pRFQQQJHqIHqJIIIdkNKWlxHFJjfijXj@@	77	356.400	356.400	356.164854	2.1547	-3.586	6	2	263.8	0.24284	73.8	5.7741	0.37534	4.9588	5.7406	none	none	none	none		0.5	0.42958	0.86425	1	26	7	0	7	0	3	4	4	1	6	8	2	1	0	0	0	0	0	0		
ek`TLH@Djn@m`ICHhheDXddihliddfIGHfaechHF@`hZfjXJ@@@	78	392.429	392.429	392.153621	3.7891	-5.816	5	1	296.28	0.1993	67.76	-1.9161	0.33625	3.3188	11.269	none	none	none	low		0.51724	0.44427	0.87987	1	29	6	0	6	0	5	4	4	2	12	7	0	0	0	0	0	0	0	0		
ek`\L@@DBB`LalbbTRRVtRTtJbbRhxdtBRVNZfZj@HZBBJ@@@	79	389.454	389.454	389.173942	3.7058	-4.914	6	2	301.39	0.23395	79.79	-0.23113	0.33599	3.3966	11.03	none	none	none	high		0.51724	0.42383	0.85194	1	29	6	0	6	0	5	4	4	2	12	7	0	1	0	0	0	0	0	0		
edVVLH@A@djfnnB`PICHhheDXddiiheMDdddqHxDMm]B}}A@qUUSMSUULUTEe@@	80	468.531	468.531	468.228517	1.2488	-3	9	3	343.59	0.26808	106.14	7.0871	0.28636	5.8481	4.361	none	none	none	none		0.5	0.46059	0.9009	1	34	10	0	10	1	4	5	5	1	6	13	2	2	1	1	0	0	1	0	racemate	
fcHb@HiKTJpRFQQQJKIJYSPjIIIdmN[v^xH@@hfZfi`h@@	81	378.406	378.406	378.149204	2.4049	-5.432	6	3	280.24	0.27041	96.58	3.3639	0.34745	4.6866	6.9215	none	none	none	none		0.5	0.40918	0.8762	1	28	7	0	7	0	4	4	4	2	12	4	0	1	0	0	0	0	0	0		
fi{H`@DDbdA\bbTRRVtRTJfdirV`qZfZj@Bfjh@@	82	340.426	340.426	340.189926	2.921	-4.063	6	2	265.32	0.26941	83.45	-4.1793	0.38886	4.1652	7.5118	none	none	none	low		0.52	0.46038	0.81905	1	25	6	0	6	0	4	3	3	1	6	9	2	1	0	0	0	1	0	0		
ffcq`@DDbCI\bbTRRVtRTLuNRtFKTsUP@SU@@@	83	299.329	299.329	299.126992	1.5944	-2.754	6	1	228.93	0.30586	80.65	-3.1067	0.44155	5.4865	3.6109	none	none	none	low		0.54545	0.43464	0.81812	1	22	6	0	6	0	4	3	3	1	6	7	0	0	0	0	0	1	0	0		
fmoPb@HyyLDadTTRbLbRqbTRRSIN|UhupPLUUSSULU@@@	84	368.450	368.450	368.190006	3.9339	-5.615	4	1	278.47	0.17614	58.53	-1.555	0.35952	3.1418	10.942	none	none	none	low		0.48148	0.446	0.86954	1	27	5	0	5	0	4	4	4	1	6	11	2	0	0	0	0	0	0	0		
fdeQB@C^tBPrJJIQIJEY\UJw`tsMLuULBFd	85	244.268	244.268	244.101191	1.6898	-2.348	3	0	187.74	0.13348	24.83	3.3048	0.53889	5.3808	3.1357	none	none	none	none		0.44444	0.3161	0.8584	1	18	4	0	4	0	0	3	2	0	0	4	0	0	0	0	0	0	0	0		
ekhRD@@DBAB`CDfVUWvUmf^ZNIMHdemecfifjh@Jjjjb`@@	86	394.517	394.517	394.236876	3.2256	-4.975	6	2	298.22	0.20461	65.96	5.7754	0.33424	3.8399	9.6505	none	none	none	none		0.48276	0.39102	0.86823	1	29	6	0	6	3	6	5	6	1	6	15	0	0	1	0	1	0	0	0	unknown chirality	
e`\RD@@DBBm`LlbbTRRVtRTtLRRRTMGDf`RQusTsUPACUSUUQ@PCH	87	434.582	434.582	434.268176	3.8463	-4.2	6	1	350.09	0.16039	65.01	3.1417	0.30269	3.2142	12.707	none	none	none	low		0.53125	0.49243	0.85304	1	32	6	0	6	0	4	4	3	1	6	14	0	1	0	0	0	0	1	0		
fluqB@IZMDDadTRTJbTRRUFV\EL@EMSTqP@@	88	259.283	259.283	259.112090	1.6584	-3.257	4	2	194.21	0.24443	53.49	3.0368	0.50944	5.3971	3.2554	none	none	none	none		0.52632	0.37294	0.81387	1	19	5	0	5	0	2	3	3	1	6	4	0	0	0	0	0	0	0	0		
dk}@@@uJYg}bkatzB`j``@	89	174.246	174.246	174.115698	1.2694	-2.196	2	2	144.12	0.22953	33.97	2.705	0.74405	5.7812	1.7061	low	low	high	none	oxiran/aziridine	0.61538	0.33694	0.71675	1	13	2	0	2	2	2	3	4	1	6	6	0	0	2	1	1	0	1	0	unknown chirality	
efURBH@A@hbnNko`ICHhheDXddmDeEDedlUDdqHxEUMl|SSA@qUUMSMUMP@EP@@@	90	518.587	518.587	518.232934	4.0426	-4.412	8	1	391.43	0.20231	91.31	2.606	0.25437	3.0032	15.893	none	none	none	low		0.57895	0.4939	0.88492	1	38	9	0	9	0	7	5	5	2	12	12	4	2	0	0	0	0	0	0		
fcpP@DDJCJ}yEDhddmhdihUEMJ\ehJ^sZfZj@HZfVh`@@	91	377.399	377.399	377.137557	1.9042	-3.896	7	3	279.39	0.31014	107.86	0.72019	0.34498	5.1368	5.5198	none	none	none	low		0.53571	0.44615	0.8577	1	28	7	0	7	0	5	4	4	1	6	6	0	1	0	0	0	0	0	1		
el^RL@@DBHf`BcdfVUWyV~zV[WzNIM@dikohVifj`BIjdIBJbHJb@@	92	468.555	468.555	468.216141	3.8411	-5.515	7	2	361.53	0.22687	92.15	-1.5074	0.2758	3.1951	13.927	none	none	none	low		0.45714	0.36649	0.92876	1	35	7	0	7	1	7	5	5	2	12	9	2	1	0	0	0	0	1	0	racemate	
ehZ\D@@DBK`ClbbTRRVtRTtrTrbbQhxdtBRZz~AZfZj@H@B`XB`@@@	93	435.526	435.526	435.194677	5.034	-7.645	5	2	335.95	0.19146	84.55	-0.33939	0.29232	1.9975	17.221	none	none	none	low		0.48485	0.39759	0.88694	1	33	5	0	5	0	5	5	5	3	18	5	2	1	0	0	0	0	0	0		
fluI@@DLTXFQSQQISFIKBuIW`mA@qUUEP}P@	94	258.324	258.324	258.148061	1.9307	-3.339	5	2	199.06	0.28544	75.01	4.3515	0.50737	5.0962	3.8053	none	none	low	low		0.57895	0.33131	0.81047	1	19	5	0	5	1	3	3	3	2	9	6	0	1	0	0	0	2	1	0	racemate	
el^^LH@A@hbjcd^Ng`ICHhheDXddmDeEDehedVIG@fimohTXHFJjijej`X@j@@@	95	477.499	477.499	477.192466	1.4334	-2.941	10	2	349.13	0.29384	119.89	7.6565	0.27525	5.5889	5.2076	none	none	none	none		0.54286	0.47073	0.8988	1	35	11	0	11	0	4	5	5	2	12	8	2	2	0	0	0	2	0	0		
fbmQ@@DD@drrj~rmSdmQRuLuU@AT@@@	96	268.359	268.359	268.157563	3.4266	-3.998	3	1	216.18	0.16657	41.46	-0.74189	0.48137	3.5911	7.1184	none	none	none	low		0.55	0.44182	0.78706	1	20	3	0	3	0	3	3	3	1	6	7	0	0	0	0	0	0	0	0		
fhyI@@DLUxFQSQQISFIBuIW`mA@qUQTCT@@	97	230.270	230.270	230.116761	0.7233	-1.672	5	3	174.2	0.37158	83.8	2.2558	0.56596	6.2899	1.278	none	none	none	none		0.52941	0.28798	0.8153	1	17	5	0	5	1	2	3	3	2	9	5	0	1	1	1	0	2	2	0	racemate	
fegIb@C^SgdQ`dLbbbTQRRTRTrRSIEkv\DCEULtuLT@@	98	358.372	358.372	358.144119	0.6969	-4.147	7	3	270.48	0.31429	99.66	3.2017	0.36982	6.3119	1.8845	none	none	none	none		0.57692	0.47932	0.85557	1	26	8	0	8	0	6	3	3	1	6	6	0	1	0	0	0	0	0	0		
fchb@BJ\Dle`dLbbbRtVRbbRTJRSAIsWl}pPPuUMTuSETCD@@	99	385.442	385.442	385.191403	2.5696	-4.711	7	4	288.92	0.28877	94.62	-1.7794	0.34318	4.4348	7.4875	none	none	none	low		0.53571	0.38844	0.8598	1	28	8	0	8	1	4	4	4	1	6	10	0	2	0	0	0	0	1	0	racemate	
fa{I@@DLUTFQSQQISFIKJIHViJCEoV``X`@jjHhIh@@	100	320.395	320.395	320.163711	2.8188	-4.803	5	3	247.72	0.2613	83.8	1.2325	0.40013	4.1812	7.0447	none	none	none	none		0.58333	0.37038	0.83766	1	24	5	0	5	1	3	4	4	3	15	6	2	1	1	1	0	2	2	0	racemate	
f`iI@@DLUXFQSQQISFHViJ]yhHFIhd@@	101	212.212	212.212	212.069811	-0.0328	-2.28	5	2	158.43	0.40889	84.13	0.95413	0.59983	7.0285	-0.054682	none	none	none	none		0.5625	0.31567	0.82134	1	16	5	0	5	0	2	3	3	2	9	0	0	1	0	0	0	2	1	0		
eodZLH@AHbjanNk`ICHhheDXddmDeEDedfIKGFimghHFJjijejibjBr`@	102	427.478	427.478	427.201968	1.5558	-3.483	8	3	317.77	0.27869	102.9	6.0768	0.3094	5.4356	5.0285	none	none	none	none		0.54839	0.47205	0.88167	1	31	9	0	9	1	5	4	4	1	6	10	0	2	0	0	0	0	0	0	racemate	
fewIb@BASeVa`dDfYYy_yYUVRLxm^s``hZjZfibh@@	103	358.372	358.372	358.144119	1.6829	-4.306	7	2	260.04	0.2848	83.03	-0.58036	0.36868	5.3043	4.5647	none	none	none	none		0.5	0.40071	0.88107	1	26	8	0	8	0	3	4	4	1	6	8	0	1	0	0	0	0	0	0		
eod\LL@JnahMK`@`RP|dLdffRbLtTVVTRbRRxdbRfVN^Z@HfB@ijZfBh@J@@	104	443.473	443.473	443.111518	2.3948	-5.262	6	2	313.05	0.26587	106.84	3.3432	0.30903	4.5882	7.7495	none	none	none	none		0.48387	0.45337	0.90219	1	31	9	0	9	1	5	4	4	2	12	6	0	0	0	0	0	0	0	0	racemate	
el^ZLH@A@hbanNg`ICHhheDXddmDeEDehedVIG@jimohTXHFJjijYjjZhj`@@	105	481.570	481.570	481.248918	3.698	-3.965	8	1	359.75	0.2022	85.32	4.0434	0.27355	3.2808	13.519	none	none	none	low		0.54286	0.499	0.88922	1	35	9	0	9	0	3	5	5	1	6	14	4	3	0	0	0	0	0	0		
fj}q@@DDDAIeeU~UvirV`qZfZj@Bj`@@	106	283.374	283.374	283.168462	2.7446	-3.814	4	2	224.88	0.21109	53.49	4.1167	0.45564	4.2301	6.0236	none	none	none	none		0.57143	0.41644	0.79383	1	21	4	0	4	0	3	3	3	1	6	7	3	0	0	0	0	0	0	0		
fcpb@AQKqXICHhheDThdeEeLddrP\u{O\DCEA@qMTpT@@	107	377.418	377.418	377.153955	3.8766	-5.21	5	2	285.48	0.21196	70.56	-1.5581	0.34153	3.094	11.351	none	none	none	low		0.53571	0.40621	0.86221	1	28	6	0	6	0	4	4	4	2	12	5	2	1	0	0	0	0	0	0		
eghZD@@DBBjm`LlbbTRRVtRTtLTVreGDf`RWTsTsUPACUUUTP@@	108	409.532	409.532	409.247775	0.9652	-2.455	7	1	318.63	0.18736	68.25	3.7704	0.31858	6.0014	3.0297	none	none	none	low		0.53333	0.46345	0.86954	1	30	7	0	7	0	6	4	4	1	6	14	1	0	1	1	0	0	1	0		
fmoH`@DDEDATfVUWyV~yVgIZBfZvifj`BI`@h@@@	109	360.416	360.416	360.158626	2.7051	-4.455	6	3	276.83	0.25998	82.59	4.6833	0.35377	4.2575	7.6465	none	none	none	none		0.55556	0.4064	0.82844	1	27	6	0	6	0	4	4	4	2	12	4	2	1	0	0	0	0	0	0		
fnkI@@DDbTBSKJk|k_MNRtEIZmSMU@DUUECI@@	110	310.400	310.400	310.179361	2.252	-3.034	5	2	234.94	0.20865	56.5	1.4072	0.41506	4.7066	5.4257	low	low	high	low	oxiran/aziridine	0.56522	0.43183	0.8227	1	23	5	0	5	1	4	4	4	1	6	9	0	0	0	0	0	0	1	0	racemate	
fegHb@AFBg`pRFQQQJHiIQPjIIIdlu{NBAbjiijfJ@@	111	358.416	358.416	358.180504	1.8871	-3.655	6	2	274.3	0.23354	73.8	-0.32212	0.36696	5.0676	5.1425	low	none	none	low	methanediamine	0.53846	0.47435	0.85557	1	26	7	0	7	0	5	3	3	1	6	9	1	1	0	0	0	0	1	0		
fcpb@FIKIXJsHhdimMDeBheDdeScoU{O\@QL@EMMTpT@@	112	485.320	485.320	485.060025	4.2129	-5.912	5	2	305.41	0.19813	70.56	0.20281	0.34056	2.7379	12.371	none	none	none	low		0.53571	0.41431	0.85449	1	28	6	0	6	0	4	4	4	2	12	5	0	1	0	0	0	0	0	0		
eghRDD@HBfnbC`HarPrJJFIKJJKKJIQIIRJAQCS[WUL@DDASTuLE@@@	113	426.878	426.878	426.125881	1.6953	-5.465	6	2	309.7	0.20685	73.8	3.8309	0.31768	5.2516	5.3365	low	none	none	none	Cl,Br,I on N,O,P,S,Se,I	0.53333	0.43088	0.87589	1	30	8	0	8	0	4	4	4	2	12	5	2	0	0	0	0	0	0	0		
fcHb@AArWbpRFQQQJHiIQQYQIKIdoIkv^xHFJjfjZibh@@	114	384.454	384.454	384.196154	2.4329	-4.508	6	3	288.46	0.2495	82.59	2.5156	0.34018	4.5102	7.1518	none	none	none	none		0.57143	0.45366	0.85945	1	28	7	0	7	0	5	4	4	1	6	10	1	1	0	0	0	0	0	0		
figpb@B^bkhICHhheEheUDhddfRtYIVc``hZiijfJ`@@	115	341.385	341.385	341.153955	2.6539	-4.402	5	1	252.34	0.20845	61.77	0.67371	0.3808	4.2854	6.9694	none	none	none	low		0.48	0.38488	0.86592	1	25	6	0	6	0	3	4	4	1	6	8	0	1	0	0	0	0	0	0		
ek`\DH@ALjnM`ICHhheDThddmLhddfI@dfaechHFJBBFfjXJ@@@	116	391.445	391.445	391.169605	4.331	-5.48	5	2	299.24	0.20221	70.56	-1.5581	0.32809	2.6045	13.2	none	none	none	low		0.55172	0.4463	0.85083	1	29	6	0	6	0	5	4	4	2	12	6	2	1	0	0	0	0	0	0		
ffcHb@BF]zQPRBSLknrrjlDFNZpPPtuMSE@@@	117	302.308	302.308	302.117904	0.9913	-3.768	6	3	225.21	0.31957	82.59	3.0834	0.43226	5.9405	2.2933	none	none	none	none		0.54545	0.42961	0.83354	1	22	7	0	7	0	3	3	3	1	6	4	0	1	0	0	0	0	0	0		
eod\L@@DBB`LglbbTRRVtRTtJRbRrhxdtBRvNZfZj@HZh@Jh@@@	118	417.507	417.507	417.205242	3.318	-4.708	6	3	326.76	0.22527	90.79	0.19391	0.3066	3.6101	10.822	none	none	none	low		0.6129	0.47019	0.83685	1	31	6	0	6	0	7	4	4	2	12	9	2	1	0	0	0	0	0	0		
fnkp`@DLTCNQSQQISFIKJIBuIPXuZtDCD@EMDH@@	119	303.320	303.320	303.100777	2.8744	-5.497	5	2	231.67	0.29084	84.91	0.91505	0.41302	4.0501	6.9594	low	none	none	none		0.56522	0.36042	0.83644	1	23	5	0	5	0	3	4	4	4	20	0	2	1	0	0	0	2	1	0		
edVVLH@A@djfknAo`ICHhheDXdddhlhhdmDlqHEEtl\B}CA@qUUSUKUTtUTDq@@	120	468.531	468.531	468.228517	1.2488	-3	9	3	343.59	0.26808	106.14	6.164	0.27925	5.672	4.472	none	none	none	none		0.52941	0.46242	0.90142	1	34	10	0	10	1	4	5	5	1	6	13	0	2	1	1	0	0	1	0	racemate	
fj}qB@DZmdDadTTVbJbTRRQFNBdmMUTtuSM@@@	121	289.353	289.353	289.159040	2.6792	-2.83	4	1	222.73	0.19252	46.39	-1.0052	0.45189	4.238	5.9289	none	none	none	low		0.52381	0.42335	0.83271	1	21	5	0	5	0	3	3	3	1	5	8	1	0	0	0	0	1	0	0		
fhyq@@DLTCHihhdicDaZdkpV``Xjhh@@	122	229.282	229.282	229.121512	2.0308	-2.697	4	2	176.5	0.30181	71.77	-1.4967	0.55792	4.8828	3.6399	none	none	none	none		0.52941	0.28798	0.79924	1	17	4	0	4	0	2	3	3	2	9	5	2	1	0	0	0	2	1	0		
fcq@@DDbAIeeU~Un}eZ\ehJU{ZfZj@Hj`@h@@@	123	373.498	373.498	373.215412	4.3729	-4.855	4	1	300	0.13187	44.7	2.3342	0.33857	2.5372	12.916	none	none	none	low		0.57143	0.45441	0.82538	1	28	4	0	4	0	6	4	4	2	12	8	2	0	1	0	1	0	0	0		
ffcQ@@DDAdTRbRRvTRTJirVhiZfZj`@jh@@	124	296.413	296.413	296.188863	4.2966	-4.427	3	1	243.7	0.14776	41.46	-2.8901	0.43068	2.61	9.9763	none	none	none	low		0.59091	0.48537	0.79871	1	22	3	0	3	0	5	3	3	1	6	9	0	0	0	0	0	0	0	0		
fa{pb@BNBihICHhheEibheDddrPmQsWlDECTtuSEP@@	125	327.358	327.358	327.138305	2.3119	-4.132	5	1	238.58	0.22047	61.77	0.19573	0.39459	4.5912	5.859	none	none	none	low		0.5	0.3944	0.86084	1	24	6	0	6	0	3	4	4	1	6	7	0	1	0	0	0	0	0	0		
el^ZLH@A@hbjnNg`ICHhheDXddmDeEDehedVIG@fimohTXHFJjijejjZhj`@@	126	481.570	481.570	481.248918	2.8429	-4.077	8	2	359.65	0.22425	94.11	3.548	0.27044	4.0567	10.512	none	none	none	high		0.54286	0.45757	0.88837	1	35	9	0	9	0	4	5	5	1	6	14	4	2	0	0	0	0	0	0		
fcpb@AIKqXHcHhheD]DeBheDddrSoU{O\DCD@EMMTpT@@	127	393.873	393.873	393.124404	4.3818	-5.632	5	2	294.55	0.20543	70.56	-0.18272	0.33788	2.5144	12.968	none	none	none	low		0.53571	0.40804	0.85664	1	28	6	0	6	0	4	4	4	2	12	5	0	1	0	0	0	0	0	0		
fcH`@DDKLF\bbTRRVtRTtLRRUNRtELumSMU@DMUUTP@@	128	380.490	380.490	380.221226	2.754	-2.866	6	1	296.07	0.18965	65.01	4.3525	0.33772	4.1388	8.1548	none	none	none	low		0.53571	0.45202	0.85046	1	28	6	0	6	0	3	4	4	1	6	12	0	1	1	1	0	0	1	0		
figq@@DDjAIeeU~UnyZ\ehJ^cZfZj@H@`h@@@	129	331.418	331.418	331.168462	3.6845	-5.043	4	1	260.94	0.18004	54.35	-0.74189	0.37806	3.2049	9.7459	none	none	none	low		0.52	0.39714	0.85083	1	25	4	0	4	0	3	4	4	2	12	6	0	0	0	0	0	1	0	0		
fj}H`@DDDTFTfVUWyWZgIZCEjYjh@Ij@@@	130	284.318	284.318	284.127326	0.6449	-3.032	6	3	214.13	0.3539	96.58	4.7039	0.44985	6.2412	1.4336	none	none	none	none		0.57143	0.42519	0.79764	1	21	6	0	6	0	3	3	3	1	6	4	2	1	0	0	0	0	0	0		
ebQZLH@A@hbjnNg`ICHhheDXddmDeEDehehbqHxDuMm|ccA@qUUMTmTCDAT@@@	131	489.549	489.549	489.217618	3.2865	-4.265	8	2	363.87	0.22165	94.11	7.5982	0.26229	3.5962	12.53	none	none	none	none		0.52778	0.47667	0.89959	1	36	9	0	9	0	4	5	5	2	12	9	2	2	0	0	0	0	0	0		
ek`RD@@DBHj`BdfVUWyV~ueZNIM@dmcfifj`BIj@B`@@@	132	388.470	388.470	388.189926	3.4791	-5.228	6	3	304.35	0.23647	82.59	0.306	0.32544	3.4003	10.69	none	none	none	low		0.58621	0.44537	0.82582	1	29	6	0	6	0	5	4	4	2	12	6	2	2	0	0	0	0	0	0		
edZ^D@@DBALjeg`BlbbTRRVtRTrabRRrTUGDf`TRvsTsUP@TuUUUUD@@@	133	467.616	467.616	467.300873	1.1121	-2.224	9	3	366.13	0.23606	106.3	9.0876	0.27745	5.764	4.0083	high	low	none	none		0.55882	0.50981	0.8737	1	34	9	0	9	0	7	4	4	1	6	16	0	1	3	2	1	0	2	0		
fbmI@@DLUxFQSQQISFIKPViJ|EhHFJjjJ`Z`@	134	272.351	272.351	272.163711	1.7418	-1.988	5	2	210.06	0.27049	75.01	4.9511	0.47144	5.1311	3.6946	none	none	none	none		0.55	0.35485	0.83059	1	20	5	0	5	1	3	3	3	2	9	8	1	1	1	1	0	2	2	0	racemate	
ek`RD@@DBHj`BlbbTRRVtRTvfTTLhxdtBRFfZfZj@HffjjD@@	135	390.485	390.485	390.205576	3.8471	-5.367	6	3	303.77	0.23692	82.59	-0.083307	0.32498	3.0226	11.838	none	none	none	low		0.55172	0.42727	0.84323	1	29	6	0	6	0	5	4	4	1	6	8	1	2	0	0	0	0	0	0		
fa{I@@DLUdFQSQQISFIKJIHViJCEoV``X`@`@H@@@	136	314.347	314.347	314.116761	2.7388	-5.044	5	2	240.74	0.26684	84.66	0.5625	0.3925	4.1277	6.9779	none	none	none	none		0.58333	0.36272	0.84087	1	24	5	0	5	0	3	4	4	4	21	0	2	1	0	0	0	3	1	0		
fcpb@NIKIXICHhdleMDeBheDdeQcoU{O\@EL@EMMTpT@@	137	377.418	377.418	377.153955	3.8766	-5.21	5	2	285.48	0.21196	70.56	-1.5581	0.33627	2.9867	11.528	none	none	none	low		0.57143	0.41431	0.84972	1	28	6	0	6	0	4	4	4	2	12	5	2	1	0	0	0	0	0	0		
fa{qA@KNzt@PZPRe^UmmUelDdkpRuiX@JZ``Z@@@	138	337.377	337.377	337.068510	3.5339	-6.361	4	2	244.27	0.30143	100.01	0.1664	0.39214	3.3262	9.0119	none	none	none	none		0.5	0.36106	0.8737	1	24	6	0	6	0	3	4	4	4	20	0	0	1	0	0	0	2	1	0		
fewH`@DDKtF\bbTRRVtRTtLRUNRtEHymSMU@DMUUD@@	139	352.437	352.437	352.189926	2.6337	-3.757	6	2	271.21	0.2362	73.8	2.2114	0.36181	4.2233	7.2793	none	none	none	low		0.53846	0.45848	0.84822	1	26	6	0	6	0	3	4	4	1	6	10	0	1	0	0	0	0	1	0		
fj}I@@DDcdFQQJIIKZIJETyKPXmSMU@AUP@@	140	284.362	284.362	284.163711	1.0378	-2.489	5	2	226.4	0.25813	66.38	0.16195	0.44775	5.8161	2.3178	none	none	none	low		0.57143	0.42944	0.80497	1	21	5	0	5	0	4	3	3	1	6	8	0	0	1	1	0	1	1	0		
eodRD@@DBNc`EdfVUWyV{V~vhxdtBRZFZfZj@H@Hfjh@@@	141	416.523	416.523	416.221226	3.2847	-4.935	6	2	327.71	0.19548	73.8	1.679	0.30318	3.5661	10.834	none	none	none	low		0.54839	0.4456	0.85449	1	31	6	0	6	0	6	4	4	2	12	9	1	1	1	1	0	0	1	0		
fnsp`@DDB@jSKJk{LkUNRtgKTsUTAAUP@@	142	313.400	313.400	313.179027	2.4117	-3.252	5	2	243.96	0.24627	74.58	-1.8989	0.40845	4.436	5.9046	none	none	none	low		0.47826	0.49897	0.82844	1	23	5	0	5	0	4	3	3	1	6	10	1	0	0	0	0	1	0	0		
fa{p`@DDJCNQQJIIKZIJZERgIZBeoVifj`BFjh`@@	143	323.395	323.395	323.163377	2.5968	-4.153	5	2	245.89	0.24609	70.56	0.64019	0.39125	4.2479	6.6371	none	none	none	low		0.54167	0.43574	0.82757	1	24	5	0	5	0	4	4	4	1	6	8	1	1	0	0	0	0	0	0		
egh\L@@DBF`LjlbbTRRVtRTtLrTRUGDf`RQusTsUPACMP@T@@@	144	401.465	401.465	401.173942	2.595	-4.858	6	2	310.64	0.23677	87.63	-3.2067	0.31286	4.2466	8.2944	none	none	none	low		0.56667	0.47276	0.84517	1	30	6	0	6	0	6	4	4	2	12	6	2	1	0	0	0	0	0	0		
eod\L@@DBB`LklbbTRRVtRTtJRbRrhxdtBRvNZfZj@HZh@Jh@@@	145	417.507	417.507	417.205242	3.8453	-4.842	6	2	328.91	0.21437	79.79	0.27399	0.30264	2.9933	12.706	none	none	none	low		0.6129	0.47019	0.83685	1	31	6	0	6	0	7	4	4	2	12	9	2	1	0	0	0	0	0	0		
fa{p`@KNzAnQQQJEKJIIJIRcEZ|DmVj`@fhHF`HHH@@	146	319.363	319.363	319.132077	3.0759	-5.21	5	2	240.25	0.276	88.84	-2.5149	0.39074	3.7597	7.872	none	none	low	high		0.54167	0.35537	0.84323	1	24	5	0	5	1	3	4	4	3	15	4	2	1	0	0	0	2	1	0	racemate	
fi{p`@DDb@jSKJk|k_]TyKPTmSMU@DSUT@@@	147	339.438	339.438	339.194677	3.5705	-4.333	5	2	266.56	0.227	70.56	-4.1793	0.37494	3.2622	9.5227	none	none	none	low		0.52	0.46038	0.81905	1	25	5	0	5	0	4	3	3	1	6	9	2	1	0	0	0	0	0	0		
eod\LH@EJnnCK`ICHhdlddihdhUDhddjFHdaecgh@JjX@JZZi`h@@	148	421.471	421.471	421.180170	3.5929	-4.953	6	2	323	0.2183	79.79	-2.2071	0.30224	3.2368	11.887	none	none	none	low		0.6129	0.48743	0.84556	1	31	7	0	7	0	7	4	4	2	12	8	2	1	0	0	0	0	0	0		
fcH`@DDKlF\bbTRRVtRTtJbRuNRtELumSMU@DM@AT@@@	149	374.443	374.443	374.174276	3.0985	-4.972	6	3	287.65	0.26345	96.58	-0.24887	0.33448	3.7283	9.2635	low	low	high	low		0.57143	0.4143	0.83644	1	28	6	0	6	0	4	4	4	2	12	5	2	1	1	0	1	0	0	0		
fnsPa@K^aT@QrPrRZIQGIQJIIJR`iJuhJ@iijfJ`B`@	150	334.414	334.414	334.115126	2.7317	-3.521	4	1	245.25	0.23947	77.74	-2.0377	0.40703	4.0922	6.7114	high	none	low	low		0.56522	0.44185	0.83766	1	23	6	0	6	1	4	3	3	1	6	8	0	0	0	0	0	0	0	0	racemate	
eghZDH@A@bjnnC`ICHhheDTdhhdeDddTqHuMtMm]A@qUTuTuTqU@YP@@	151	413.495	413.495	413.222703	1.8821	-4.133	7	4	316.44	0.26365	94.62	3.5171	0.31192	4.9389	6.0339	none	none	none	none		0.53333	0.46715	0.86525	1	30	8	0	8	1	5	4	4	1	6	12	0	1	1	1	0	0	1	0	racemate	
ffcpb@AF]phICHhheETheDddrWhykA@qSSULT@@	152	301.320	301.320	301.122655	1.8164	-3.787	5	2	222.78	0.28872	84.55	-1.6794	0.42517	5.0018	4.2722	none	none	none	low		0.5	0.42978	0.84127	1	22	6	0	6	0	3	3	3	1	6	5	0	1	0	0	0	0	0	0		
eodVLH@A@djfinAk`ICHhheDXdddhlhhdbfI@hnecghHFJjjZiZibh@@	153	428.467	428.467	428.197217	1.2183	-3.284	9	3	314.13	0.30535	120.13	5.7902	0.30161	5.597	4.0394	none	none	none	none		0.51613	0.47537	0.88608	1	31	10	0	10	0	3	4	4	1	6	9	0	3	0	0	0	0	0	0		
ehRZDH@A@hbjnG`ICHhheDXddmDeEDdiefIG@fimohHFJjijfjjZJ`@@	154	455.576	455.576	455.269653	3.3348	-3.847	7	2	349.64	0.19337	77.04	8.2613	0.28321	3.4777	11.775	none	none	none	none		0.54545	0.50458	0.87987	1	33	8	0	8	2	6	4	4	1	6	15	2	1	1	1	0	0	1	0	unknown chirality	
el^ZLH@A@djfnAo`ICHhheDXdddhlhhdmDlfI@hnec`XTXHFJjjZiZjfhj`@@	155	481.570	481.570	481.248918	2.8429	-4.077	8	2	359.65	0.22425	94.11	3.7926	0.26692	3.9668	10.651	none	none	none	none		0.51429	0.44949	0.89639	1	35	9	0	9	0	4	5	5	1	6	14	2	2	0	0	0	0	0	0		
eghVDH@BCKLfniC`ICHhhdmEheEEEULddpIETMMm]AACUUTuSTqT@@@	156	414.483	414.483	414.217952	1.154	-2.582	8	3	308.82	0.25604	89.07	6.7415	0.31127	5.6529	3.7073	none	none	none	none		0.5	0.41725	0.86525	1	30	9	0	9	0	4	4	4	1	6	12	3	1	0	0	0	0	2	0		
eod^LH@HIEKBjgfCK`@cIEDhcMihdlhddheJAHdfnmcjjZjZjijBAjBCb`@	157	445.546	445.546	445.189608	0.7053	-3.422	10	4	324.11	0.40317	175.74	4.0634	0.30111	6.0988	2.3423	high	none	none	none	methanediamine	0.58065	0.47268	0.85945	1	31	11	0	11	1	4	4	4	2	9	12	2	3	0	0	0	2	2	0	racemate	
fa{p`@DDbBjSKJk|k]sSdmARwkTsUPAEMTP@@	158	323.395	323.395	323.163377	2.5531	-4.088	5	1	245.99	0.21383	61.77	2.0137	0.38878	4.2482	6.567	none	none	none	low		0.5	0.39248	0.83562	1	24	5	0	5	0	3	4	4	1	6	8	0	1	0	0	0	0	0	0		
figp`@DDJCNQQJIIKZIJZFJTyKPT}FuLuT@PuUQ@@@	159	337.422	337.422	337.179027	2.8633	-3.791	5	1	256.99	0.20468	61.77	1.1853	0.37307	3.9353	7.6749	none	none	none	low		0.52	0.47017	0.83644	1	25	5	0	5	0	4	4	4	1	6	9	1	1	0	0	0	0	0	0		
fbmqA@EFldFHRPRYgueeUYqwhy``JZfib`@@	160	338.179	338.179	337.022601	2.3836	-4.091	4	2	212.84	0.22303	53.49	1.2468	0.46616	4.4123	5.1133	none	none	none	none		0.55	0.38282	0.82043	1	20	6	0	6	0	2	3	3	1	6	4	0	0	0	0	0	0	0	0		
ffcH`@DLTXA\bfbbRfLTRRPmRUfkPPLUUUQP@@	161	302.377	302.377	302.174276	1.6477	-3.59	6	3	234.43	0.29826	95.24	-1.657	0.42361	5.1455	3.8897	none	none	low	none		0.5	0.45486	0.82538	1	22	6	0	6	0	5	3	3	2	9	9	2	1	0	0	0	2	1	0		
figqB@A^ctDadTTRTrbUbTRRSNZldkQpDEUTtuSETJD@@	162	341.429	341.429	341.190340	3.2411	-3.669	4	1	259.35	0.15254	44.7	1.9174	0.37263	3.5494	8.6979	none	none	none	low		0.48	0.38488	0.87558	1	25	5	0	5	1	3	4	4	1	6	11	0	0	1	1	0	0	1	0	racemate	
ehRVBH@ACHjf`^Lko`ICHhheDTheMDdidddmFIKONimghHFJjifijifJhEB@@	163	456.476	456.476	456.192132	0.4907	-3.495	10	4	331.78	0.35225	145.99	5.7665	0.28218	6.2971	1.7389	none	none	none	none		0.54545	0.48181	0.89202	1	33	11	0	11	1	8	4	4	1	6	9	0	3	0	0	0	0	0	0	racemate	
eghRLH@BHbjiNc`IAIfUyyUgYUUXDBrZFVn``ahHFJZjXJ@@@	164	408.432	408.432	408.159769	2.7359	-4.787	7	3	305.44	0.26837	91.82	3.3361	0.31028	4.0493	8.8175	none	none	none	none		0.56667	0.41196	0.86289	1	30	8	0	8	0	5	4	4	2	12	6	2	1	0	0	0	0	0	0		
ek`ZDH@AHljfnM`ICHhheDXeDeeBhddfIHdnaechHFJjjfijXj`Th@@	165	399.468	399.468	399.207053	1.8559	-3.479	7	3	300.02	0.25172	85.83	5.5453	0.32086	4.9266	5.7842	none	none	none	none		0.48276	0.45014	0.88286	1	29	8	0	8	1	3	4	4	1	6	11	0	1	1	1	0	0	1	0	racemate	
fmopb@AQsrXICHhheDXddmLhddfR\DkQk``XjjffjXj@@	166	369.439	369.439	369.185255	3.5674	-4.297	5	1	279.86	0.18795	61.77	1.3281	0.34449	3.2125	10.356	none	none	none	low		0.51852	0.44672	0.86592	1	27	6	0	6	0	3	4	4	1	6	10	2	1	0	0	0	0	0	0		
ehRRD@@DBHk`BlbbTRRVtRTvfTRTLVhxdtBRVvZfZj@Hf`@jj``NH@@	167	444.577	444.577	444.252526	3.8233	-5.108	6	3	355.13	0.20266	82.59	1.1555	0.28175	2.954	13.57	none	none	none	low		0.57576	0.47539	0.85592	1	33	6	0	6	1	8	4	4	2	12	11	0	1	1	1	0	0	1	0	racemate	
ehRZDD@FICNigO`I@bPrJJKYIIJZIJEQJIIIccHiXyxFB@jjX@JZZi`h@@	168	453.492	453.492	453.197631	2.1732	-4.354	7	3	343.33	0.24158	95.48	-0.59325	0.28164	4.6015	7.7163	none	none	none	low		0.60606	0.5143	0.8577	1	33	9	0	9	0	8	4	4	2	12	9	0	1	1	1	0	1	1	0		
ehR\L@@DBB`LolbbTRRVtRTtJRTRTvhxdtBRNnZfZj@HZj@Bj`@@@	169	445.561	445.561	445.236542	4.6436	-5.456	6	2	354.93	0.19866	79.79	-1.0163	0.28153	2.1285	16.494	none	none	none	low		0.60606	0.49599	0.84822	1	33	6	0	6	0	8	4	4	2	12	11	0	1	0	0	0	0	0	0		
fakp`@DDJCNQQJIIKZIJZERgIZBejYjh@ajj@@@	170	325.411	325.411	325.179027	2.8327	-4.067	5	2	256.39	0.23601	70.56	0.87926	0.38696	3.9369	7.3204	none	none	none	low		0.54167	0.45662	0.82405	1	24	5	0	5	0	4	3	3	1	6	8	1	1	0	0	0	0	0	0		
e`RZD@@DBHic`BdfVUWyV~v[^ZNIM@daegofifj`BIijjja`@@	171	431.538	431.538	431.232125	2.6899	-4.19	7	3	329.06	0.2295	85.83	2.4284	0.29011	4.0771	9.272	none	none	none	low		0.5625	0.42604	0.8737	1	32	7	0	7	0	7	5	5	1	6	12	1	1	0	0	0	0	2	0		
fmoH`@DDldCTfVUWyUvYVgIZCDZvifj`@hHHh@@@	172	362.432	362.432	362.174276	3.1418	-4.209	6	2	282.4	0.24235	75.61	-0.55699	0.34371	3.6227	9.141	none	none	none	low		0.51852	0.42659	0.85376	1	27	6	0	6	0	5	4	4	2	12	7	0	0	1	0	1	1	1	0		
fluQB@IZbBHrJJIHqJIIIgCNBf@`ffjXh@@	173	274.750	274.750	274.087290	3.2343	-4.12	3	1	205.58	0.17516	41.46	-0.64512	0.48824	3.5277	6.6244	none	none	none	low		0.52632	0.37278	0.82043	1	19	4	0	4	0	2	3	3	1	6	5	0	0	0	0	0	0	0	0		
figqB@OQStD`dsKNk|ljkIZmdkQpP@ADuMSAP@@	174	335.381	335.381	335.143390	3.3176	-5.343	4	2	253.97	0.18691	53.49	3.0368	0.37093	3.4419	8.9441	none	none	none	none		0.52	0.38999	0.85083	1	25	5	0	5	0	3	4	4	2	12	4	2	0	0	0	0	0	0	0		
eghZL@@DBHfa`MclbbTRRVtRTvbRtTMGDf`RSWSTsUPADtuMTP@@	175	407.473	407.473	407.195740	2.6018	-6.473	8	2	313.15	0.25844	87.96	-1.1815	0.30899	4.1552	8.4203	none	none	none	low		0.56667	0.47302	0.85945	1	30	8	0	8	0	6	4	4	2	11	8	0	0	1	0	1	1	0	0		
ek`\L@@DBF`LjlbbTRRVtRTtLrbRhxdtBRvNZfZj@HYh@J@@@	176	387.438	387.438	387.158292	2.8856	-5.042	6	2	296.88	0.24774	87.63	-3.5417	0.31953	3.8689	9.0308	none	none	none	low		0.55172	0.4462	0.8467	1	29	6	0	6	0	5	4	4	2	12	5	2	1	0	0	0	0	0	0		
fnkh`@DLTVhLyEMEDeLXdlhdKTeAcUkPPLP@TtP`@@	177	305.296	305.296	305.091275	1.9191	-5.68	7	2	229.19	0.38972	110.69	1.5784	0.40274	4.8329	4.7651	none	none	none	none		0.56522	0.36042	0.83644	1	23	7	0	7	0	3	4	4	4	20	0	2	1	0	0	0	4	1	0		
ek`\L@@DBH`BcdfVUWyV~yeZNIM@demfifj`BI`HJ`@@@	178	389.454	389.454	389.173942	3.1785	-4.78	6	3	299.24	0.24599	90.79	-0.30997	0.3193	3.5711	9.9547	none	none	none	low		0.51724	0.41793	0.85046	1	29	6	0	6	0	5	4	4	2	12	7	0	1	0	0	0	0	0	0		
eod\L@@DBN`LclbbTRRVtRTtLTrVRhxdtBRVvZfZj@HZ`@jhHBb@@	179	417.507	417.507	417.205242	3.7583	-5.118	6	1	327.21	0.21399	80.65	-1.655	0.29859	2.9888	12.587	none	none	none	low		0.58065	0.44344	0.87433	1	31	6	0	6	1	7	4	4	2	12	10	0	0	0	0	0	1	0	0	racemate	
